/vald/db/all.cfg                                                                
Lf------eV
     19.11790  7.06  -1.984   0.000  0.5 648.529  1.5 99.00 99.00 99.00  0.000  0.000   0.0001s 2S     6p 2P*    AA (5)     106 106 106 106 106 106 106 106 106
     19.11800  7.06  -2.284   0.000  0.5 648.525  0.5 99.00 99.00 99.00  0.000  0.000   0.0001s 2S     6p 2P*    AA (5)     106 106 106 106 106 106 106 106 106
     19.36120  7.06  -1.731   0.000  0.5 640.379  1.5 99.00 99.00 99.00  0.000  0.000   0.0001s 2S     5p 2P*    AA (4)     106 106 106 106 106 106 106 106 106
     19.36140  7.06  -2.032   0.000  0.5 640.372  0.5 99.00 99.00 99.00  0.000  0.000   0.0001s 2S     5p 2P*    AA (4)     106 106 106 106 106 106 106 106 106
     19.82570  7.06  -1.413   0.000  0.5 625.376  1.5 99.00 99.00 99.00  0.000  0.000   0.0001s 2S     4p 2P*    AA (3)     106 106 106 106 106 106 106 106 106
     19.82610  7.06  -1.714   0.000  0.5 625.362  0.5 99.00 99.00 99.00  0.000  0.000   0.0001s 2S     4p 2P*    AA (3)     106 106 106 106 106 106 106 106 106
     20.90950  7.06  -0.977   0.000  0.5 592.961  1.5 99.00 99.00 99.00  0.000  0.000   0.0001s 2S     3p 2P*    AA (2)     106 106 106 106 106 106 106 106 106
     20.91060  7.06  -1.278   0.000  0.5 592.929  0.5 99.00 99.00 99.00  0.000  0.000   0.0001s 2S     3p 2P*    AA (2)     106 106 106 106 106 106 106 106 106
     24.77920  7.06  -0.256   0.000  0.5 500.359  1.5 99.00 99.00 99.00  0.000  0.000   0.0001s 2S     2p 2P*    AA (1)     106 106 106 106 106 106 106 106 106
     24.78460  7.06  -0.557   0.000  0.5 500.250  0.5 99.00 99.00 99.00  0.000  0.000   0.0001s 2S     2p 2P*    AA (1)     106 106 106 106 106 106 106 106 106
     24.89800  7.05  -0.842   0.000  0.0 497.972  1.0 99.00 99.00 99.00 11.730  0.000   0.000  1s2 1S   s3p *1P     NBS       1   1   1   1   1   1   1   1   1
     28.78700  7.05  -0.171   0.000  0.0 430.698  1.0 99.00 99.00 99.00 12.260  0.000   0.000  1s2 1S   s2p *1P     NBS       1   1   1   1   1   1   1   1   1
     52.68200  5.03  -0.870   0.000  0.0 235.346  1.0 99.00 99.00 99.00  0.000  0.000   0.000  1s2 1S   s3p *1P     NBS       1   1   1   1   1   1   1   1   1
     60.31300  5.03  -0.215   0.000  0.0 205.570  1.0 99.00 99.00 99.00  0.000  0.000   0.000  1s2 1S   s2p *1P     NBS       1   1   1   1   1   1   1   1   1
     61.09200  5.03  -5.150   0.000  0.0 202.949  1.0 99.00 99.00 99.00  0.000  0.000   0.000  1s2 1S   s2p *3P     DRA       1   1   1   1   1   1   1   1   1
     63.17700 15.05  -2.360   0.000  0.0 196.251  1.0 99.00 99.00 99.00  0.000  0.000   0.000  2p6  1S   5s  *1P    KP        3   3   3   3   3   3   3   3   3
     63.45000 15.05  -2.060   0.000  0.0 195.405  1.0 99.00 99.00 99.00  0.000  0.000   0.000  2p6  1S   5s  *3P    KP        3   3   3   3   3   3   3   3   3
     66.77200 14.05  -0.790   0.000  1.5 185.684  2.5 99.00 99.00 99.00  0.000  0.000   0.000  2p5 *2P   5d   2D    KP        3   3   3   3   3   3   3   3   3
     69.12100 15.05  -1.940   0.000  0.0 179.374  1.0 99.00 99.00 99.00  0.000  0.000   0.000  2p6  1S   4s  *1P    KP        3   3   3   3   3   3   3   3   3
     69.20400 14.05  -0.460   0.000  1.5 179.160  1.5 99.00 99.00 99.00  0.000  0.000   0.000  2p5 *2P   4d'  2D?   KP        3   3   3   3   3   3   3   3   3
     69.23600 14.05  -0.430   0.000  1.5 179.076  2.5 99.00 99.00 99.00  0.000  0.000   0.000  2p5 *2P   4d'  2D?   KP        3   3   3   3   3   3   3   3   3
     69.44800 14.05  -1.150   0.631  0.5 179.160  1.5 99.00 99.00 99.00  0.000  0.000   0.000  2p5 *2P   4d'  2D?   KP        3   3   3   3   3   3   3   3   3
     69.45200 15.05  -1.640   0.000  0.0 178.519  1.0 99.00 99.00 99.00  0.000  0.000   0.000  2p6  1S   4s  *3P    KP        3   3   3   3   3   3   3   3   3
     71.18100 14.05  -0.260   0.000  1.5 174.183  2.5 99.00 99.00 99.00  0.000  0.000   0.000  2p5 *2P   4d   2D    KP        3   3   3   3   3   3   3   3   3
     71.27300 14.05  -2.520   0.000  1.5 173.957  1.5 99.00 99.00 99.00  0.000  0.000   0.000  2p5 *2P   4d   2P    KP        3   3   3   3   3   3   3   3   3
     71.30200 14.05  -1.530   0.000  1.5 173.888  0.5 99.00 99.00 99.00  0.000  0.000   0.000  2p5 *2P   4d   2P    KP        3   3   3   3   3   3   3   3   3
     71.53300 14.05  -0.510   0.631  0.5 173.957  1.5 99.00 99.00 99.00  0.000  0.000   0.000  2p5 *2P   4d   2P    KP        3   3   3   3   3   3   3   3   3
     71.56100 14.05  -1.280   0.631  0.5 173.888  0.5 99.00 99.00 99.00  0.000  0.000   0.000  2p5 *2P   4d   2P    KP        3   3   3   3   3   3   3   3   3
     72.23900 12.05  -5.010   0.000  1.5 171.631  2.5 99.00 99.00 99.00  0.000  0.000   0.000  2p3 *4S   5d'  2D?   KP        2   2   2   2   2   2   2   2   2
     72.23900 12.05  -5.640   0.000  1.5 171.631  1.5 99.00 99.00 99.00  0.000  0.000   0.000  2p3 *4S   5d'  2D?   KP        2   2   2   2   2   2   2   2   2
     72.31800 12.05  -6.550   0.000  1.5 171.444  2.5 99.00 99.00 99.00  0.000  0.000   0.000  2p3 *4S   5d'  2F    KP        2   2   2   2   2   2   2   2   2
     72.89600 14.05  -1.440   0.000  1.5 170.085  2.5 99.00 99.00 99.00  0.000  0.000   0.000  2p5 *2P   4s'  2D    KP        3   3   3   3   3   3   3   3   3
     74.27500 13.05  -1.860   0.000  2.0 166.927  3.0 99.00 99.00 99.00  0.000  0.000   0.000  2p4 3P   4d' *1F     KP        2   2   2   2   2   2   2   2   2
     74.32100 12.05  -4.410   0.000  1.5 166.823  2.5 99.00 99.00 99.00  0.000  0.000   0.000  2p3 *4S   5d   2F    KP        2   2   2   2   2   2   2   2   2
     74.34900 13.05  -0.610   0.000  2.0 166.760  1.0 99.00 99.00 99.00  0.000  0.000   0.000  2p4 3P   4d' *       KP        2   2   2   2   2   2   2   2   2
     74.34900 13.05  -2.050   0.000  2.0 166.760  2.0 99.00 99.00 99.00  0.000  0.000   0.000  2p4 3P   4d' *       KP        2   2   2   2   2   2   2   2   2
     74.44200 13.05  -0.460   0.000  2.0 166.552  2.0 99.00 99.00 99.00  0.000  0.000   0.000  2p4 3P   4d' *3P     KP        2   2   2   2   2   2   2   2   2
     74.50100 13.05  -3.150   0.339  1.0 166.760  2.0 99.00 99.00 99.00  0.000  0.000   0.000  2p4 3P   4d' *       KP        2   2   2   2   2   2   2   2   2
     74.50100 13.05  -1.140   0.339  1.0 166.760  1.0 99.00 99.00 99.00  0.000  0.000   0.000  2p4 3P   4d' *       KP        2   2   2   2   2   2   2   2   2
     74.56200 13.05  -1.790   0.475  0.0 166.760  1.0 99.00 99.00 99.00  0.000  0.000   0.000  2p4 3P   4d' *       KP        2   2   2   2   2   2   2   2   2
     74.57400 12.05  -1.360   0.000  1.5 166.258  0.5 99.00 99.00 99.00  0.000  0.000   0.000  2p3 *4S   4p"' 4P    KP        2   2   2   2   2   2   2   2   2
     74.57400 12.05  -0.880   0.000  1.5 166.258  2.5 99.00 99.00 99.00  0.000  0.000   0.000  2p3 *4S   4p"' 4P    KP        2   2   2   2   2   2   2   2   2
     74.57400 12.05  -1.050   0.000  1.5 166.258  1.5 99.00 99.00 99.00  0.000  0.000   0.000  2p3 *4S   4p"' 4P    KP        2   2   2   2   2   2   2   2   2
     74.59000 13.05  -2.930   0.000  2.0 166.222  1.0 99.00 99.00 99.00  0.000  0.000   0.000  2p4 3P   4d' *1P     KP        2   2   2   2   2   2   2   2   2
     74.59400 13.05  -1.120   0.339  1.0 166.552  2.0 99.00 99.00 99.00  0.000  0.000   0.000  2p4 3P   4d' *3P     KP        2   2   2   2   2   2   2   2   2
     74.65800 13.05  -0.470   0.000  2.0 166.070  3.0 99.00 99.00 99.00  0.000  0.000   0.000  2p4 3P   4d' *3D     KP        2   2   2   2   2   2   2   2   2
     74.65800 13.05  -3.520   0.000  2.0 166.070  1.0 99.00 99.00 99.00  0.000  0.000   0.000  2p4 3P   4d' *3D     KP        2   2   2   2   2   2   2   2   2
     74.65800 13.05  -1.600   0.000  2.0 166.070  2.0 99.00 99.00 99.00  0.000  0.000   0.000  2p4 3P   4d' *3D     KP        2   2   2   2   2   2   2   2   2
     74.74200 13.05  -2.640   0.339  1.0 166.222  1.0 99.00 99.00 99.00  0.000  0.000   0.000  2p4 3P   4d' *1P     KP        2   2   2   2   2   2   2   2   2
     74.80400 13.05  -1.940   0.475  0.0 166.222  1.0 99.00 99.00 99.00  0.000  0.000   0.000  2p4 3P   4d' *1P     KP        2   2   2   2   2   2   2   2   2
     74.81100 13.05  -0.760   0.339  1.0 166.070  2.0 99.00 99.00 99.00  0.000  0.000   0.000  2p4 3P   4d' *3D     KP        2   2   2   2   2   2   2   2   2
     74.81100 13.05  -1.530   0.339  1.0 166.070  1.0 99.00 99.00 99.00  0.000  0.000   0.000  2p4 3P   4d' *3D     KP        2   2   2   2   2   2   2   2   2
     74.87200 13.05  -1.250   0.475  0.0 166.070  1.0 99.00 99.00 99.00  0.000  0.000   0.000  2p4 3P   4d' *3D     KP        2   2   2   2   2   2   2   2   2
     74.87500 24.06  -2.144   0.000  0.0 165.589  1.0  0.00  1.01  1.01  9.550 -7.585  -8.157s2p6 1S   sp6 6p 1P	            21  21  21  21  21  21  21  21  21
     74.95300 15.05  -0.770   0.000  0.0 165.417  1.0 99.00 99.00 99.00  0.000  0.000   0.000  2p6  1S   3d  *1P    NBS       3   3   3   3   3   3   3   3   3
     74.99100 12.05  -4.850   0.000  1.5 165.334  2.5 99.00 99.00 99.00  0.000  0.000   0.000  2p3 *4S   4d"  2D    KP        2   2   2   2   2   2   2   2   2
     74.99100 12.05  -5.820   0.000  1.5 165.334  1.5 99.00 99.00 99.00  0.000  0.000   0.000  2p3 *4S   4d"  2D    KP        2   2   2   2   2   2   2   2   2
     75.19400 14.05  -1.370   0.000  1.5 164.888  1.5 99.00 99.00 99.00  0.000  0.000   0.000  2p5 *2P   4s   2P    KP        3   3   3   3   3   3   3   3   3
     75.24800 12.05  -1.820   6.863  2.5 171.631  1.5 99.00 99.00 99.00  0.000  0.000   0.000  2p3 *2D   5d'  2D?   KP        2   2   2   2   2   2   2   2   2
     75.24800 12.05  -0.870   6.863  2.5 171.631  2.5 99.00 99.00 99.00  0.000  0.000   0.000  2p3 *2D   5d'  2D?   KP        2   2   2   2   2   2   2   2   2
     75.24900 12.05  -1.030   6.865  1.5 171.631  1.5 99.00 99.00 99.00  0.000  0.000   0.000  2p3 *2D   5d'  2D?   KP        2   2   2   2   2   2   2   2   2
     75.24900 12.05  -1.680   6.865  1.5 171.631  2.5 99.00 99.00 99.00  0.000  0.000   0.000  2p3 *2D   5d'  2D?   KP        2   2   2   2   2   2   2   2   2
     75.33400 12.05  -0.520   6.863  2.5 171.444  3.5 99.00 99.00 99.00  0.000  0.000   0.000  2p3 *2D   5d'  2F    KP        2   2   2   2   2   2   2   2   2
     75.33400 12.05  -1.550   6.863  2.5 171.444  2.5 99.00 99.00 99.00  0.000  0.000   0.000  2p3 *2D   5d'  2F    KP        2   2   2   2   2   2   2   2   2
     75.33500 12.05  -0.700   6.865  1.5 171.444  2.5 99.00 99.00 99.00  0.000  0.000   0.000  2p3 *2D   5d'  2F    KP        2   2   2   2   2   2   2   2   2
     75.48300 14.05  -2.090   0.631  0.5 164.888  1.5 99.00 99.00 99.00  0.000  0.000   0.000  2p5 *2P   4s   2P    KP        3   3   3   3   3   3   3   3   3
     75.64200 15.05   0.080   0.000  0.0 163.910  1.0 99.00 99.00 99.00  0.000  0.000   0.000  2p6  1S   3d  *3D    NBS       3   3   3   3   3   3   3   3   3
     75.83400 12.05  -2.060   0.000  1.5 163.495  2.5 99.00 99.00 99.00  0.000  0.000   0.000  2p3 *4S   5s   4P    KP        2   2   2   2   2   2   2   2   2
     75.89000 12.05  -2.190   0.000  1.5 163.375  1.5 99.00 99.00 99.00  0.000  0.000   0.000  2p3 *4S   5s   4P    KP        2   2   2   2   2   2   2   2   2
     76.53100 15.05  -2.380   0.000  0.0 162.006  1.0 99.00 99.00 99.00  0.000  0.000   0.000  2p6  1S   3d  *3P    NBS       3   3   3   3   3   3   3   3   3
     76.61800 13.05  -0.170   5.104  2.0 166.927  3.0 99.00 99.00 99.00  0.000  0.000   0.000  2p4 1D   4d' *1F     KP        2   2   2   2   2   2   2   2   2
     76.69700 13.05  -0.290   5.104  2.0 166.760  2.0 99.00 99.00 99.00  0.000  0.000   0.000  2p4 1D   4d' *       KP        2   2   2   2   2   2   2   2   2
     76.69700 13.05  -3.060   5.104  2.0 166.760  1.0 99.00 99.00 99.00  0.000  0.000   0.000  2p4 1D   4d' *       KP        2   2   2   2   2   2   2   2   2
     76.79600 13.05  -3.060   5.104  2.0 166.552  2.0 99.00 99.00 99.00  0.000  0.000   0.000  2p4 1D   4d' *3P     KP        2   2   2   2   2   2   2   2   2
     76.90100 12.05  -1.570  10.405  0.5 171.631  1.5 99.00 99.00 99.00  0.000  0.000   0.000  2p3 *2P   5d'  2D?   KP        2   2   2   2   2   2   2   2   2
     76.90800 12.05  -2.090  10.418  1.5 171.631  1.5 99.00 99.00 99.00  0.000  0.000   0.000  2p3 *2P   5d'  2D?   KP        2   2   2   2   2   2   2   2   2
     76.90800 12.05  -1.230  10.418  1.5 171.631  2.5 99.00 99.00 99.00  0.000  0.000   0.000  2p3 *2P   5d'  2D?   KP        2   2   2   2   2   2   2   2   2
     76.95300 13.05  -0.870   5.104  2.0 166.222  1.0 99.00 99.00 99.00  0.000  0.000   0.000  2p4 1D   4d' *1P     KP        2   2   2   2   2   2   2   2   2
     76.99700 12.05  -4.530  10.418  1.5 171.444  2.5 99.00 99.00 99.00  0.000  0.000   0.000  2p3 *2P   5d'  2F    KP        2   2   2   2   2   2   2   2   2
     77.02500 13.05  -2.870   5.104  2.0 166.070  2.0 99.00 99.00 99.00  0.000  0.000   0.000  2p4 1D   4d' *3D     KP        2   2   2   2   2   2   2   2   2
     77.02500 13.05  -3.250   5.104  2.0 166.070  3.0 99.00 99.00 99.00  0.000  0.000   0.000  2p4 1D   4d' *3D     KP        2   2   2   2   2   2   2   2   2
     77.02500 13.05  -1.880   5.104  2.0 166.070  1.0 99.00 99.00 99.00  0.000  0.000   0.000  2p4 1D   4d' *3D     KP        2   2   2   2   2   2   2   2   2
     77.13000 12.05  -4.220   0.000  1.5 160.749  0.5 99.00 99.00 99.00  0.000  0.000   0.000  2p3 *4S   4d'  2S    KP        2   2   2   2   2   2   2   2   2
     77.27100 12.05  -3.870   0.000  1.5 160.455  1.5 99.00 99.00 99.00  0.000  0.000   0.000  2p3 *4S   4d'  2P    KP        2   2   2   2   2   2   2   2   2
     77.27100 12.05  -4.480   0.000  1.5 160.455  0.5 99.00 99.00 99.00  0.000  0.000   0.000  2p3 *4S   4d'  2P    KP        2   2   2   2   2   2   2   2   2
     77.40500 12.05  -0.580   6.863  2.5 167.040  3.5 99.00 99.00 99.00  0.000  0.000   0.000  2p3 *2D   5d   2F    KP        2   2   2   2   2   2   2   2   2
     77.41200 14.05  -1.380   0.000  1.5 160.163  1.5 99.00 99.00 99.00  0.000  0.000   0.000  2p5 *2P   3d"  2D    KP        3   3   3   3   3   3   3   3   3
     77.42900 14.05  -0.430   0.000  1.5 160.128  2.5 99.00 99.00 99.00  0.000  0.000   0.000  2p5 *2P   3d"  2D    KP        3   3   3   3   3   3   3   3   3
     77.46000 12.05  -4.590   0.000  1.5 160.063  1.5 99.00 99.00 99.00  0.000  0.000   0.000  2p3 *4S   4d'  2D    KP        2   2   2   2   2   2   2   2   2
     77.46000 12.05  -3.760   0.000  1.5 160.063  2.5 99.00 99.00 99.00  0.000  0.000   0.000  2p3 *4S   4d'  2D    KP        2   2   2   2   2   2   2   2   2
     77.51000 12.05  -1.890   6.863  2.5 166.823  2.5 99.00 99.00 99.00  0.000  0.000   0.000  2p3 *2D   5d   2F    KP        2   2   2   2   2   2   2   2   2
     77.51100 12.05  -0.700   6.865  1.5 166.823  2.5 99.00 99.00 99.00  0.000  0.000   0.000  2p3 *2D   5d   2F    KP        2   2   2   2   2   2   2   2   2
     77.62100 12.05  -5.410   0.000  1.5 159.731  2.5 99.00 99.00 99.00  0.000  0.000   0.000  2p3 *4S   4d'  2F    KP        2   2   2   2   2   2   2   2   2
     77.71800 14.05  -0.570   0.631  0.5 160.163  1.5 99.00 99.00 99.00  0.000  0.000   0.000  2p5 *2P   3d"  2D    KP        3   3   3   3   3   3   3   3   3
     77.78600 12.05  -7.020   6.865  1.5 166.258  1.5 99.00 99.00 99.00  0.000  0.000   0.000  2p3 *2D   4p"' 4P    KP        2   2   2   2   2   2   2   2   2
     77.78600 12.05  -6.840   6.865  1.5 166.258  2.5 99.00 99.00 99.00  0.000  0.000   0.000  2p3 *2D   4p"' 4P    KP        2   2   2   2   2   2   2   2   2
     77.78600 12.05  -7.320   6.865  1.5 166.258  0.5 99.00 99.00 99.00  0.000  0.000   0.000  2p3 *2D   4p"' 4P    KP        2   2   2   2   2   2   2   2   2
     77.94500 13.05  -1.050   0.000  2.0 159.068  2.0 99.00 99.00 99.00  0.000  0.000   0.000  2p4 3P   4d  *3D     KP        2   2   2   2   2   2   2   2   2
